-3.492523e-01	1.507421e-03	
-3.506267e-01	1.518176e-03	
-3.519889e-01	1.534896e-03	
-3.533390e-01	1.551382e-03	
-3.546772e-01	1.567738e-03	
-3.560036e-01	1.583875e-03	
-3.573185e-01	1.599795e-03	
-3.586219e-01	1.615513e-03	
-3.599141e-01	1.631029e-03	
-3.611952e-01	1.646403e-03	
-3.624652e-01	1.661562e-03	
-3.637245e-01	1.676535e-03	
-3.649731e-01	1.691323e-03	
-3.662111e-01	1.705913e-03	
-3.674389e-01	1.720437e-03	
-3.686561e-01	1.971200e-03	
-3.693905e-01	6.220810e-03	
-3.621135e-01	2.198507e-02	
-3.312704e-01	5.212841e-02	
-2.634996e-01	9.377946e-02	
-1.488992e-01	1.268498e-01	
-1.421781e-02	1.470219e-01	
1.416316e-01	1.494385e-01	
2.821931e-01	1.337342e-01	
4.075781e-01	1.188393e-01	
5.191921e-01	9.651083e-02	
6.006698e-01	7.278378e-02	
6.653771e-01	5.281078e-02	
7.073435e-01	3.398410e-02	
7.346793e-01	2.111076e-02	
7.510826e-01	1.029929e-02	
7.569057e-01	1.431093e-03	
7.556117e-01	-4.727324e-03	
7.491093e-01	-9.076591e-03	
7.390731e-01	-1.239660e-02	
7.258632e-01	-1.417932e-02	
7.121729e-01	-1.504541e-02	
6.971388e-01	-1.507118e-02	
6.832960e-01	-1.406823e-02	
6.701748e-01	-1.352074e-02	
6.573388e-01	-1.254625e-02	
6.460804e-01	-1.535432e-02	
6.275526e-01	-2.974338e-02	
5.873917e-01	-5.828530e-02	
5.115103e-01	-9.891277e-02	
3.895846e-01	-1.308974e-01	
2.489150e-01	-1.500679e-01	
8.770337e-02	-1.516937e-01	
-5.730090e-02	-1.352375e-01	
-1.865741e-01	-1.198707e-01	
-3.017131e-01	-9.711808e-02	
-3.862546e-01	-7.303566e-02	
-4.537967e-01	-5.280333e-02	
-4.983273e-01	-3.375229e-02	
-5.280664e-01	-2.073734e-02	
-5.467668e-01	-9.807177e-03	
-5.547712e-01	-8.426055e-04	
-5.555963e-01	5.386556e-03	
-5.511479e-01	9.795800e-03	
-5.431246e-01	1.315827e-02	
-5.318974e-01	1.497769e-02	
-5.201598e-01	1.587540e-02	
-5.070584e-01	1.592773e-02	
-4.951281e-01	1.494913e-02	
-4.839037e-01	1.442370e-02	
-4.729489e-01	1.323457e-02	
-4.640292e-01	1.182649e-02	
-4.558307e-01	1.048206e-02	
-4.495447e-01	8.910960e-03	
-4.444461e-01	7.917288e-03	
-4.401133e-01	6.861039e-03	
-4.370981e-01	5.888476e-03	
-4.346901e-01	5.126419e-03	
-4.331829e-01	4.413879e-03	
-4.321899e-01	5.171114e-03	
-4.291615e-01	1.293497e-02	
-4.126204e-01	3.718487e-02	
-3.609811e-01	7.291311e-02	
-2.726367e-01	1.078202e-01	
-1.505898e-01	1.394355e-01	
1.805216e-03	1.506512e-01	
1.473072e-01	1.462578e-01	
2.918928e-01	1.309891e-01	
4.078285e-01	1.054590e-01	
5.021328e-01	8.580718e-02	
5.793984e-01	6.440692e-02	
6.314211e-01	4.444929e-02	
6.691210e-01	2.902394e-02	
6.905463e-01	1.559822e-02	
7.015386e-01	6.307913e-03	
7.044571e-01	-9.819714e-04	
7.008892e-01	-6.705594e-03	
6.923366e-01	-1.042671e-02	
6.812690e-01	-1.253623e-02	
6.684229e-01	-1.427947e-02	
6.537826e-01	-1.471416e-02	
6.399688e-01	-1.445191e-02	
6.257602e-01	-1.369769e-02	
6.133594e-01	-1.219695e-02	
6.020690e-01	-1.247067e-02	
5.890449e-01	-1.927720e-02	
5.640539e-01	-4.242488e-02	
5.045665e-01	-7.712585e-02	
4.097740e-01	-1.108749e-01	
2.821519e-01	-1.417493e-01	
1.247533e-01	-1.522051e-01	
-2.483792e-02	-1.471249e-01	
-1.730809e-01	-1.313254e-01	
-2.920690e-01	-1.053026e-01	
-3.890655e-01	-8.534504e-02	
-4.687902e-01	-6.367668e-02	
-5.229856e-01	-4.349853e-02	
-5.627180e-01	-2.791579e-02	
-5.860148e-01	-1.435667e-02	
-5.987855e-01	-4.985026e-03	
-6.034248e-01	2.370154e-03	
-6.015162e-01	8.146675e-03	
-5.945897e-01	1.190693e-02	
-5.851141e-01	1.404868e-02	
-5.738404e-01	1.581356e-02	
-5.607594e-01	1.626646e-02	
-5.484920e-01	1.601938e-02	
-5.358227e-01	1.527743e-02	
-5.249541e-01	1.377846e-02	
-5.152097e-01	1.286180e-02	
-5.061091e-01	1.151571e-02	
-4.989957e-01	1.009226e-02	
-4.926941e-01	8.839360e-03	
-4.880442e-01	7.490252e-03	
-4.844097e-01	6.640331e-03	
-4.814352e-01	5.794102e-03	
-4.794731e-01	5.042811e-03	
-4.779880e-01	4.649529e-03	
-4.768025e-01	7.308548e-03	
-4.699914e-01	2.221553e-02	
-4.389462e-01	5.171338e-02	
-3.729309e-01	9.242355e-02	
-2.600218e-01	1.260572e-01	
-1.259808e-01	1.420491e-01	
1.981241e-02	1.507277e-01	
1.721901e-01	1.409216e-01	
2.993947e-01	1.211761e-01	
4.131358e-01	9.891190e-02	
4.965762e-01	7.314899e-02	
5.593520e-01	5.487610e-02	
6.066682e-01	3.765131e-02	
6.353123e-01	2.267156e-02	
6.528615e-01	1.165531e-02	
6.595910e-01	2.695381e-03	
6.592655e-01	-3.705274e-03	
6.531914e-01	-8.282894e-03	
6.436699e-01	-1.160230e-02	
6.308931e-01	-1.346942e-02	
6.175515e-01	-1.394245e-02	
6.037390e-01	-1.449327e-02	
5.892030e-01	-1.399616e-02	
5.762871e-01	-1.301544e-02	
5.636258e-01	-1.200213e-02	
5.526514e-01	-1.348632e-02	
5.369480e-01	-2.764021e-02	
4.975604e-01	-5.610403e-02	
4.246647e-01	-9.574583e-02	
3.055038e-01	-1.284590e-01	
1.663814e-01	-1.434896e-01	
1.622460e-02	-1.515603e-01	
-1.400479e-01	-1.411670e-01	
-2.704677e-01	-1.209089e-01	
-3.871001e-01	-9.826117e-02	
-4.730079e-01	-7.215406e-02	
-5.380032e-01	-5.367033e-02	
-5.873802e-01	-3.626600e-02	
-6.178985e-01	-2.114167e-02	
-6.372319e-01	-1.002427e-02	
-6.456453e-01	-9.821520e-04	
-6.469509e-01	2.576101e-03	
